0
f
2d
10a
0
0
0
0
0
0
1
3
0
0
0
0
0
0
0
0
2
33
b9
0
0
0
0
0
0
0
1
3
7
77
9d
1ac
1af
0
0
0
4
72
0
0
0
0
0
0
0
0
5
95
1b0
0
0
0
0
0
0
0
6
11
a4
16e
1a9
0
0
0
0
0
3
7
0
0
0
0
0
0
0
0
8
1a5
0
0
0
0
0
0
0
0
9
cc
114
0
0
0
0
0
0
0
a
19b
1b3
0
0
0
0
0
0
0
b
c
d
f
0
0
0
0
0
0
b
c
0
0
0
0
0
0
0
0
b
d
0
0
0
0
0
0
0
0
e
f
0
0
0
0
0
0
0
0
0
b
e
f
10
12
38
0
0
0
f
10
13
14
118
14d
0
0
0
0
6
11
0
0
0
0
0
0
0
0
f
12
0
0
0
0
0
0
0
0
10
13
0
0
0
0
0
0
0
0
10
14
0
0
0
0
0
0
0
0
15
16
8b
0
0
0
0
0
0
0
15
16
8b
9a
c4
0
0
0
0
0
17
18
0
0
0
0
0
0
0
0
17
18
9c
a9
0
0
0
0
0
0
19
62
1a8
0
0
0
0
0
0
0
1a
1b
0
0
0
0
0
0
0
0
1a
1b
54
ac
0
0
0
0
0
0
1c
132
13b
0
0
0
0
0
0
0
1d
1e
0
0
0
0
0
0
0
0
1d
1e
b5
b9
0
0
0
0
0
0
1f
177
1bb
0
0
0
0
0
0
0
20
21
ee
0
0
0
0
0
0
0
20
21
0
0
0
0
0
0
0
0
22
dd
0
0
0
0
0
0
0
0
23
144
1a2
0
0
0
0
0
0
0
24
92
105
0
0
0
0
0
0
0
25
26
18d
0
0
0
0
0
0
0
25
26
27
118
0
0
0
0
0
0
26
27
1a0
0
0
0
0
0
0
0
28
2e
147
19c
0
0
0
0
0
0
29
ab
147
0
0
0
0
0
0
0
2a
ae
0
0
0
0
0
0
0
0
2b
65
11d
0
0
0
0
0
0
0
2c
ad
ca
107
11c
0
0
0
0
0
0
2d
fc
0
0
0
0
0
0
0
28
2e
98
11c
0
0
0
0
0
0
2f
cc
10e
11a
131
0
0
0
0
0
30
31
71
1c6
0
0
0
0
0
0
30
31
ed
14a
1b9
0
0
0
0
0
32
51
198
0
0
0
0
0
0
0
2
33
18c
0
0
0
0
0
0
0
34
10e
135
0
0
0
0
0
0
0
35
a1
195
0
0
0
0
0
0
0
36
10c
16a
0
0
0
0
0
0
0
37
7b
df
0
0
0
0
0
0
0
f
38
53
0
0
0
0
0
0
0
39
3a
3b
0
0
0
0
0
0
0
39
3a
15a
178
0
0
0
0
0
0
39
3b
0
0
0
0
0
0
0
0
3c
14b
1a1
0
0
0
0
0
0
0
3d
1b5
0
0
0
0
0
0
0
0
3e
3f
58
bd
189
0
0
0
0
0
3e
3f
0
0
0
0
0
0
0
0
40
41
1ab
1b3
0
0
0
0
0
0
40
41
0
0
0
0
0
0
0
0
42
44
45
46
0
0
0
0
0
0
43
45
47
48
d5
0
0
0
0
0
42
44
0
0
0
0
0
0
0
0
42
43
45
46
47
8d
136
13f
0
0
42
45
46
49
4a
4b
5a
160
0
0
43
45
47
d3
d4
1b7
1cf
0
0
0
43
48
0
0
0
0
0
0
0
0
46
49
0
0
0
0
0
0
0
0
46
4a
0
0
0
0
0
0
0
0
46
4b
0
0
0
0
0
0
0
0
4c
4d
ba
107
0
0
0
0
0
0
4c
4d
7a
108
0
0
0
0
0
0
4e
4f
d5
1a4
0
0
0
0
0
0
4e
4f
92
fb
162
188
1b4
0
0
0
50
18b
1c8
0
0
0
0
0
0
0
32
51
11e
0
0
0
0
0
0
0
52
182
1a6
0
0
0
0
0
0
0
38
53
ac
0
0
0
0
0
0
0
1b
54
57
73
112
1c5
0
0
0
0
55
57
0
0
0
0
0
0
0
0
56
57
eb
0
0
0
0
0
0
0
54
55
56
57
0
0
0
0
0
0
3e
58
145
0
0
0
0
0
0
0
59
5a
181
0
0
0
0
0
0
0
46
59
5a
5c
5d
5e
172
0
0
0
5b
5e
182
0
0
0
0
0
0
0
5a
5c
0
0
0
0
0
0
0
0
5a
5d
0
0
0
0
0
0
0
0
5a
5b
5e
5f
0
0
0
0
0
0
5e
5f
0
0
0
0
0
0
0
0
60
145
1a5
0
0
0
0
0
0
0
61
95
9b
0
0
0
0
0
0
0
19
62
df
0
0
0
0
0
0
0
63
9d
db
186
0
0
0
0
0
0
64
65
0
0
0
0
0
0
0
0
2b
64
65
b1
e8
11d
0
0
0
0
66
131
1ac
0
0
0
0
0
0
0
67
68
be
100
106
0
0
0
0
0
67
68
0
0
0
0
0
0
0
0
69
fe
0
0
0
0
0
0
0
0
6a
f5
14d
0
0
0
0
0
0
0
6b
be
17b
0
0
0
0
0
0
0
6c
6f
0
0
0
0
0
0
0
0
6d
6f
0
0
0
0
0
0
0
0
6e
6f
0
0
0
0
0
0
0
0
6c
6d
6e
6f
7a
b2
129
0
0
0
70
106
150
179
19f
0
0
0
0
0
30
71
72
11c
0
0
0
0
0
0
4
71
72
161
0
0
0
0
0
0
54
73
74
0
0
0
0
0
0
0
73
74
76
0
0
0
0
0
0
0
75
7b
159
0
0
0
0
0
0
0
74
76
159
0
0
0
0
0
0
0
3
77
1ac
0
0
0
0
0
0
0
78
7a
0
0
0
0
0
0
0
0
79
7a
ba
107
128
0
0
0
0
0
4d
6f
78
79
7a
b2
108
0
0
0
37
75
7b
0
0
0
0
0
0
0
7c
7d
0
0
0
0
0
0
0
0
7c
7d
180
0
0
0
0
0
0
0
7e
80
e1
0
0
0
0
0
0
0
7f
e0
1b5
0
0
0
0
0
0
0
7e
80
0
0
0
0
0
0
0
0
81
8c
0
0
0
0
0
0
0
0
82
8c
0
0
0
0
0
0
0
0
83
8c
0
0
0
0
0
0
0
0
84
8d
0
0
0
0
0
0
0
0
85
8e
0
0
0
0
0
0
0
0
86
8b
0
0
0
0
0
0
0
0
87
8c
8d
8f
0
0
0
0
0
0
88
8c
8d
90
0
0
0
0
0
0
89
c6
153
0
0
0
0
0
0
0
8a
92
0
0
0
0
0
0
0
0
15
16
86
8b
0
0
0
0
0
0
81
82
83
87
88
8c
0
0
0
0
45
84
87
88
8d
8e
1d8
1dd
1e6
0
85
8d
8e
f1
0
0
0
0
0
0
87
8f
0
0
0
0
0
0
0
0
88
90
0
0
0
0
0
0
0
0
91
b6
f4
152
0
0
0
0
0
0
24
4f
8a
92
0
0
0
0
0
0
93
1b1
1ba
0
0
0
0
0
0
0
94
95
d8
0
0
0
0
0
0
0
5
61
94
95
18c
0
0
0
0
0
96
98
99
9a
0
0
0
0
0
0
97
98
99
9a
0
0
0
0
0
0
2e
96
97
98
ca
0
0
0
0
0
96
97
99
0
0
0
0
0
0
0
16
96
97
9a
f0
0
0
0
0
0
61
9b
9c
0
0
0
0
0
0
0
18
9b
9c
0
0
0
0
0
0
0
3
63
9d
0
0
0
0
0
0
0
9e
9f
b6
f7
183
187
0
0
0
0
9e
9f
170
18e
0
0
0
0
0
0
a0
199
0
0
0
0
0
0
0
0
35
a1
162
0
0
0
0
0
0
0
a2
a6
f5
0
0
0
0
0
0
0
a3
a6
e6
1a0
1d5
0
0
0
0
0
6
a4
0
0
0
0
0
0
0
0
a5
154
1a6
0
0
0
0
0
0
0
a2
a3
a6
0
0
0
0
0
0
0
a7
a8
0
0
0
0
0
0
0
0
a7
a8
157
18f
0
0
0
0
0
0
18
a9
144
0
0
0
0
0
0
0
aa
ab
0
0
0
0
0
0
0
0
29
aa
ab
0
0
0
0
0
0
0
1b
53
ac
c9
0
0
0
0
0
0
2c
ad
ae
11c
0
0
0
0
0
0
2a
ad
ae
0
0
0
0
0
0
0
af
1cf
0
0
0
0
0
0
0
0
b0
e1
0
0
0
0
0
0
0
0
65
b1
153
0
0
0
0
0
0
0
6f
7a
b2
0
0
0
0
0
0
0
b3
b4
0
0
0
0
0
0
0
0
b3
b4
e8
0
0
0
0
0
0
0
1e
b5
0
0
0
0
0
0
0
0
91
9e
b6
b7
b8
f7
0
0
0
0
b6
b7
0
0
0
0
0
0
0
0
b6
b8
0
0
0
0
0
0
0
0
2
1e
b9
0
0
0
0
0
0
0
4c
79
ba
0
0
0
0
0
0
0
bb
c5
d3
0
0
0
0
0
0
0
bc
bd
0
0
0
0
0
0
0
0
3e
bc
bd
190
0
0
0
0
0
0
67
6b
be
bf
c2
c3
175
17b
19f
0
be
bf
c0
c1
0
0
0
0
0
0
bf
c0
0
0
0
0
0
0
0
0
bf
c1
0
0
0
0
0
0
0
0
be
c2
0
0
0
0
0
0
0
0
be
c3
0
0
0
0
0
0
0
0
16
c4
1d0
0
0
0
0
0
0
0
bb
c5
c8
0
0
0
0
0
0
0
89
c6
16b
0
0
0
0
0
0
0
c7
117
0
0
0
0
0
0
0
0
c5
c8
0
0
0
0
0
0
0
0
ac
c9
f6
0
0
0
0
0
0
0
2c
98
ca
128
0
0
0
0
0
0
cb
cc
cd
ce
0
0
0
0
0
0
9
2f
cb
cc
cf
11a
164
170
0
0
cb
cd
0
0
0
0
0
0
0
0
cb
ce
115
0
0
0
0
0
0
0
cc
cf
d0
0
0
0
0
0
0
0
cf
d0
0
0
0
0
0
0
0
0
d1
d2
0
0
0
0
0
0
0
0
d1
d2
1c8
1d0
0
0
0
0
0
0
47
bb
d3
0
0
0
0
0
0
0
47
d4
1bb
0
0
0
0
0
0
0
43
4e
d5
0
0
0
0
0
0
0
d6
185
1b7
0
0
0
0
0
0
0
d7
d8
d9
da
0
0
0
0
0
0
94
d7
d8
114
11d
1ac
0
0
0
0
d7
d9
0
0
0
0
0
0
0
0
d7
da
ea
0
0
0
0
0
0
0
63
db
10e
1c0
0
0
0
0
0
0
dc
16e
1cf
0
0
0
0
0
0
0
22
dd
ef
1b3
0
0
0
0
0
0
de
158
18d
196
0
0
0
0
0
0
37
62
df
178
1c5
0
0
0
0
0
7f
e0
e1
119
178
0
0
0
0
0
7e
b0
e0
e1
0
0
0
0
0
0
e2
e3
0
0
0
0
0
0
0
0
e2
e3
1a3
0
0
0
0
0
0
0
e4
e5
0
0
0
0
0
0
0
0
e4
e5
13a
1b3
0
0
0
0
0
0
a3
e6
181
1d8
0
0
0
0
0
0
e7
e8
e9
ea
0
0
0
0
0
0
65
b4
e7
e8
0
0
0
0
0
0
e7
e9
0
0
0
0
0
0
0
0
da
e7
ea
0
0
0
0
0
0
0
56
eb
12c
18e
0
0
0
0
0
0
ec
12b
133
0
0
0
0
0
0
0
31
ed
125
0
0
0
0
0
0
0
20
ee
141
0
0
0
0
0
0
0
dd
ef
1a5
0
0
0
0
0
0
0
9a
f0
148
0
0
0
0
0
0
0
8e
f1
101
1ae
1df
0
0
0
0
0
f2
f3
134
0
0
0
0
0
0
0
f2
f3
0
0
0
0
0
0
0
0
91
f4
12b
0
0
0
0
0
0
0
6a
a2
f5
0
0
0
0
0
0
0
c9
f6
14c
0
0
0
0
0
0
0
9e
b6
f7
f8
0
0
0
0
0
0
f7
f8
f9
fa
0
0
0
0
0
0
f8
f9
0
0
0
0
0
0
0
0
f8
fa
0
0
0
0
0
0
0
0
4f
fb
16a
0
0
0
0
0
0
0
2d
fc
ff
0
0
0
0
0
0
0
fd
ff
0
0
0
0
0
0
0
0
69
fe
ff
180
0
0
0
0
0
0
fc
fd
fe
ff
0
0
0
0
0
0
67
100
109
14f
191
1aa
0
0
0
0
f1
101
102
103
104
1ae
1d1
0
0
0
101
102
0
0
0
0
0
0
0
0
101
103
0
0
0
0
0
0
0
0
101
104
0
0
0
0
0
0
0
0
24
105
1ba
0
0
0
0
0
0
0
67
70
106
14f
179
0
0
0
0
0
2c
4c
79
107
108
0
0
0
0
0
4d
7a
107
108
0
0
0
0
0
0
100
109
0
0
0
0
0
0
0
0
0
10a
196
0
0
0
0
0
0
0
10b
10c
0
0
0
0
0
0
0
0
36
10b
10c
1a5
0
0
0
0
0
0
10d
173
193
0
0
0
0
0
0
0
2f
34
db
10e
10f
135
178
0
0
0
10e
10f
110
111
0
0
0
0
0
0
10f
110
0
0
0
0
0
0
0
0
10f
111
0
0
0
0
0
0
0
0
54
112
158
176
196
0
0
0
0
0
113
13a
189
0
0
0
0
0
0
0
9
d8
114
1af
0
0
0
0
0
0
ce
115
116
1ae
1de
0
0
0
0
0
115
116
0
0
0
0
0
0
0
0
c7
117
118
0
0
0
0
0
0
0
10
26
117
118
0
0
0
0
0
0
e0
119
0
0
0
0
0
0
0
0
2f
cc
11a
0
0
0
0
0
0
0
11b
11c
11e
11f
0
0
0
0
0
0
2c
2e
71
ad
11b
11c
120
121
0
0
2b
65
d8
11d
120
121
0
0
0
0
51
11b
11e
0
0
0
0
0
0
0
11b
11f
0
0
0
0
0
0
0
0
11c
11d
120
122
0
0
0
0
0
0
11c
11d
121
123
0
0
0
0
0
0
120
122
0
0
0
0
0
0
0
0
121
123
0
0
0
0
0
0
0
0
124
125
0
0
0
0
0
0
0
0
ed
124
125
1a2
0
0
0
0
0
0
126
1be
0
0
0
0
0
0
0
0
127
128
129
12a
0
0
0
0
0
0
79
ca
127
128
1c7
0
0
0
0
0
6f
127
129
0
0
0
0
0
0
0
127
12a
0
0
0
0
0
0
0
0
ec
f4
12b
173
0
0
0
0
0
0
eb
12c
12d
12f
131
135
142
1ac
0
0
12c
12d
12e
1ec
0
0
0
0
0
0
12d
12e
0
0
0
0
0
0
0
0
12c
12f
130
1ed
0
0
0
0
0
0
12f
130
0
0
0
0
0
0
0
0
2f
66
12c
131
135
0
0
0
0
0
1c
132
1b1
0
0
0
0
0
0
0
ec
133
174
0
0
0
0
0
0
0
f2
134
198
0
0
0
0
0
0
0
34
10e
12c
131
135
13c
13d
13e
186
0
45
136
13c
13d
13e
13f
0
0
0
0
137
13c
0
0
0
0
0
0
0
0
138
13d
0
0
0
0
0
0
0
0
139
13e
0
0
0
0
0
0
0
0
e5
113
13a
0
0
0
0
0
0
0
1c
13b
1ab
0
0
0
0
0
0
0
135
136
137
13c
0
0
0
0
0
0
135
136
138
13d
0
0
0
0
0
0
135
136
139
13e
0
0
0
0
0
0
45
136
13f
140
0
0
0
0
0
0
13f
140
190
0
0
0
0
0
0
0
ee
141
142
0
0
0
0
0
0
0
12c
141
142
153
1b2
0
0
0
0
0
143
144
0
0
0
0
0
0
0
0
23
a9
143
144
0
0
0
0
0
0
58
60
145
0
0
0
0
0
0
0
146
147
0
0
0
0
0
0
0
0
28
29
146
147
0
0
0
0
0
0
f0
148
18b
0
0
0
0
0
0
0
149
14a
0
0
0
0
0
0
0
0
31
149
14a
0
0
0
0
0
0
0
3c
14b
14e
0
0
0
0
0
0
0
f6
14c
187
0
0
0
0
0
0
0
10
6a
14d
0
0
0
0
0
0
0
14b
14e
1b1
0
0
0
0
0
0
0
100
106
14f
0
0
0
0
0
0
0
70
150
156
0
0
0
0
0
0
0
151
189
0
0
0
0
0
0
0
0
91
152
155
0
0
0
0
0
0
0
89
b1
142
153
0
0
0
0
0
0
a5
154
1a6
0
0
0
0
0
0
0
152
155
0
0
0
0
0
0
0
0
150
156
19f
0
0
0
0
0
0
0
a8
157
0
0
0
0
0
0
0
0
de
112
158
15b
15d
15f
160
0
0
0
75
76
159
15a
15c
15e
160
176
0
0
3a
159
15a
0
0
0
0
0
0
0
158
15b
0
0
0
0
0
0
0
0
159
15c
0
0
0
0
0
0
0
0
158
15d
0
0
0
0
0
0
0
0
159
15e
0
0
0
0
0
0
0
0
158
15f
18a
0
0
0
0
0
0
0
46
158
159
160
192
0
0
0
0
0
72
161
1a3
0
0
0
0
0
0
0
4f
a1
162
0
0
0
0
0
0
0
163
180
0
0
0
0
0
0
0
0
cc
164
165
166
168
18e
0
0
0
0
164
165
167
169
0
0
0
0
0
0
164
166
0
0
0
0
0
0
0
0
165
167
0
0
0
0
0
0
0
0
164
168
0
0
0
0
0
0
0
0
165
169
0
0
0
0
0
0
0
0
36
fb
16a
0
0
0
0
0
0
0
c6
16b
0
0
0
0
0
0
0
0
16c
1b5
0
0
0
0
0
0
0
0
16d
16e
0
0
0
0
0
0
0
0
6
dc
16d
16e
177
1a9
0
0
0
0
16f
170
171
172
0
0
0
0
0
0
9f
cc
16f
170
173
174
0
0
0
0
16f
171
0
0
0
0
0
0
0
0
5a
16f
172
0
0
0
0
0
0
0
10d
12b
170
173
0
0
0
0
0
0
133
170
174
187
0
0
0
0
0
0
be
175
197
0
0
0
0
0
0
0
112
159
176
0
0
0
0
0
0
0
1f
16e
177
0
0
0
0
0
0
0
3a
df
e0
10e
178
18a
0
0
0
0
70
106
179
0
0
0
0
0
0
0
17a
17b
17c
17e
0
0
0
0
0
0
6b
be
17a
17b
17f
0
0
0
0
0
17a
17c
1a0
1ad
0
0
0
0
0
0
17d
17f
0
0
0
0
0
0
0
0
17a
17e
0
0
0
0
0
0
0
0
17b
17d
17f
0
0
0
0
0
0
0
7d
fe
163
180
0
0
0
0
0
0
59
e6
181
0
0
0
0
0
0
0
52
5b
182
0
0
0
0
0
0
0
9e
183
184
0
0
0
0
0
0
0
183
184
0
0
0
0
0
0
0
0
d6
185
1b6
0
0
0
0
0
0
0
63
135
186
0
0
0
0
0
0
0
9e
14c
174
187
193
0
0
0
0
0
4f
188
1b6
0
0
0
0
0
0
0
3e
113
151
189
0
0
0
0
0
0
15f
178
18a
0
0
0
0
0
0
0
50
148
18b
1c8
1d0
0
0
0
0
0
33
95
18c
0
0
0
0
0
0
0
25
de
18d
0
0
0
0
0
0
0
9f
eb
164
18e
0
0
0
0
0
0
a8
18f
1b9
0
0
0
0
0
0
0
bd
140
190
0
0
0
0
0
0
0
100
191
192
0
0
0
0
0
0
0
160
191
192
0
0
0
0
0
0
0
10d
187
193
0
0
0
0
0
0
0
194
195
0
0
0
0
0
0
0
0
35
194
195
0
0
0
0
0
0
0
de
10a
112
196
0
0
0
0
0
0
175
197
1aa
0
0
0
0
0
0
0
32
134
198
0
0
0
0
0
0
0
a0
199
1a1
0
0
0
0
0
0
0
19a
19b
0
0
0
0
0
0
0
0
a
19a
19b
1b4
0
0
0
0
0
0
28
19c
0
0
0
0
0
0
0
0
19d
19e
19f
1a0
0
0
0
0
0
0
19d
19e
0
0
0
0
0
0
0
0
70
be
156
19d
19f
0
0
0
0
0
27
a3
17c
19d
1a0
0
0
0
0
0
3c
199
1a1
0
0
0
0
0
0
0
23
125
1a2
0
0
0
0
0
0
0
e3
161
1a3
1a7
0
0
0
0
0
0
4e
1a4
1a5
1b2
0
0
0
0
0
0
8
60
ef
10c
1a4
1a5
0
0
0
0
52
a5
154
1a6
0
0
0
0
0
0
1a3
1a7
0
0
0
0
0
0
0
0
19
1a8
0
0
0
0
0
0
0
0
6
16e
1a9
0
0
0
0
0
0
0
100
197
1aa
0
0
0
0
0
0
0
40
13b
1ab
0
0
0
0
0
0
0
3
66
77
d8
12c
1ac
1ae
0
0
0
17c
1ad
1ae
0
0
0
0
0
0
0
f1
101
115
1ac
1ad
1ae
0
0
0
0
3
114
1af
0
0
0
0
0
0
0
5
1b0
0
0
0
0
0
0
0
0
93
132
14e
1b1
1b4
0
0
0
0
0
142
1a4
1b2
1b3
0
0
0
0
0
0
a
40
dd
e5
1b2
1b3
0
0
0
0
4f
19b
1b1
1b4
0
0
0
0
0
0
3d
7f
16c
1b5
0
0
0
0
0
0
185
188
1b6
0
0
0
0
0
0
0
47
d6
1b7
0
0
0
0
0
0
0
1b8
1b9
0
0
0
0
0
0
0
0
31
18f
1b8
1b9
0
0
0
0
0
0
93
105
1ba
0
0
0
0
0
0
0
1f
d4
1bb
0
0
0
0
0
0
0
1bc
1bd
1be
1c0
0
0
0
0
0
0
1bc
1bd
1c1
1c6
0
0
0
0
0
0
126
1bc
1be
1c6
0
0
0
0
0
0
1bf
1c1
0
0
0
0
0
0
0
0
db
1bc
1c0
1c2
1c3
1c4
0
0
0
0
1bd
1bf
1c1
0
0
0
0
0
0
0
1c0
1c2
0
0
0
0
0
0
0
0
1c0
1c3
0
0
0
0
0
0
0
0
1c0
1c4
0
0
0
0
0
0
0
0
54
df
1c5
1c6
0
0
0
0
0
0
30
1bd
1be
1c5
1c6
0
0
0
0
0
128
1c7
1c8
1c9
0
0
0
0
0
0
50
d2
18b
1c7
1c8
1ca
1cb
1cc
1cd
1ce
1c7
1c9
0
0
0
0
0
0
0
0
1c8
1ca
0
0
0
0
0
0
0
0
1c8
1cb
0
0
0
0
0
0
0
0
1c8
1cc
0
0
0
0
0
0
0
0
1c8
1cd
0
0
0
0
0
0
0
0
1c8
1ce
0
0
0
0
0
0
0
0
47
af
dc
1cf
0
0
0
0
0
0
c4
d2
18b
1d0
0
0
0
0
0
0
101
1d1
1d2
1df
0
0
0
0
0
0
1d1
1d2
1e0
0
0
0
0
0
0
0
1d3
1d7
1dd
0
0
0
0
0
0
0
1d4
1d8
1dd
0
0
0
0
0
0
0
a3
1d5
1d6
0
0
0
0
0
0
0
1d5
1d6
1d7
0
0
0
0
0
0
0
1d3
1d6
1d7
0
0
0
0
0
0
0
8d
e6
1d4
1d8
1d9
1da
1db
1dc
0
0
1d8
1d9
0
0
0
0
0
0
0
0
1d8
1da
0
0
0
0
0
0
0
0
1d8
1db
0
0
0
0
0
0
0
0
1d8
1dc
0
0
0
0
0
0
0
0
8d
1d3
1d4
1dd
0
0
0
0
0
0
115
1de
0
0
0
0
0
0
0
0
f1
1d1
1df
1e0
1e2
0
0
0
0
0
1d2
1df
1e0
1e1
1e2
1e5
0
0
0
0
1e0
1e1
1e5
0
0
0
0
0
0
0
1df
1e0
1e2
1e3
1e4
0
0
0
0
0
1e2
1e3
0
0
0
0
0
0
0
0
1e2
1e4
0
0
0
0
0
0
0
0
1e0
1e1
1e5
0
0
0
0
0
0
0
8d
1e6
0
0
0
0
0
0
0
0
1e7
1e9
1ec
1ed
0
0
0
0
0
0
1e8
1e9
1ea
0
0
0
0
0
0
0
1e7
1e8
1e9
1eb
0
0
0
0
0
0
1e8
1ea
0
0
0
0
0
0
0
0
1e9
1eb
0
0
0
0
0
0
0
0
12d
1e7
1ec
0
0
0
0
0
0
0
12f
1e7
1ed
0
0
0
0
0
0
0
