16.105496846792267
14.843937886345671
18.898333245148216
17.445822837642353
18.373693248381013
15.446115087275762
13.51377007803196
16.948452663586476
15.432714705988534
17.978702279030053
18.033638610776404
17.11502349636482
18.170419780255347
16.47341789908289
17.134717041160563
19.42029803019205
17.25007160527223
15.46599864914253
16.73695165086808
14.539224932230091
14.126487857200427
15.648931579517376
16.243946241184336
19.60254834143849
16.82114983223302
14.612592818988249
16.31266526956932
15.234488220486384
16.618111082074343
15.835894575069693
17.467098761857855
14.177096100911687
15.237590644282099
15.347001148870246
15.54205568110286
17.850598843686925
13.64843572499566
13.44825113864244
16.611607327904323
17.292996310454374
17.32920260514942
15.601357421036088
15.13712968258797
15.026780210548653
15.360737591587137
15.944321241134894
17.640862629493263
15.957076414666384
15.955708768326913
16.31384726392395
16.918844318180415
14.983044587785116
13.810621692407219
12.98688908157732
13.294022063561625
17.64603927539049
17.06045475565571
15.442961188725443
16.59563472453501
14.435497452872491
15.792544625699108
16.95911767322866
17.07623410163899
17.564510704033406
15.931273923880614
15.230614188452801
16.08780522432896
17.21463060663207
15.131609521487825
14.413784956639482
13.759077511672375
18.48593499834789
15.188143434064415
17.92877420620156
16.560744368433554
18.137553982146382
16.636529659785147
16.47496669316393
17.161951442513832
17.532863500680026
15.529904618346634
14.761545519363809
15.734919971377284
14.399464189713429
13.128707404042137
15.754867069835521
16.812660109037957
17.66797842059442
14.871682453441915
15.60582880725985
15.761344619679239
15.144990548430853
16.41634109888967
15.29016999426467
16.394338531937056
12.202076500088868
14.2425897409891
13.885043955609698
15.376469849060971
16.293412318759223
12.513871058713162
12.938833248580416
15.738216143800734
16.687775663515023
14.661988576243186
14.799536194663117
16.108327295754886
14.518780399543814
15.128105861537339
15.619448540626209
16.296247889286786
14.836964893401296
15.461105568173524
16.00851803443724
13.975141081872154
14.905572104680637
12.039465689233431
14.417610658549684
13.310166020680782
15.134544804909426
14.824004804875441
15.276799433179972
15.464496374803012
14.542325179269112
15.835689822723877
15.073050984794026
14.882409284100484
17.124148562687317
15.689537561868285
15.19421665636357
16.61612929292799
15.483971605785655
17.069433471933134
14.563440275947666
13.38672995495867
18.26390147925649
15.908995949785618
17.570622495620345
17.738391097775054
17.882888708243975
15.827935031593514
16.880571345441414
15.357935508684198
17.573982044614453
14.736876369101479
15.091138935543531
15.493409310546115
14.742521640481325
15.092011467521806
15.330846661974476
15.86646597837855
19.49482968351741
14.830884605384787
13.968873428072706
15.692562586741289
14.441994234178978
16.61212409854881
15.098684601009552
16.707277143745603
14.378688897251306
14.813623775298478
14.906317293403303
14.361432867178635
16.28411475075685
11.153980904526778
14.498570761689328
16.225493719744044
15.348027365676476
14.956051300195195
15.7654584186317
16.976473765032022
15.98069234423002
14.524898002576007
15.175735737949225
15.56582361794383
16.621540683048465
16.293708497945403
15.909593508866484
16.575288065898413
13.86391332399709
13.248896073986117
13.01577979904963
14.403845964311689
16.489266560934713
18.315359404927385
13.460450622851662
14.162493507025065
12.715786342232935
16.735412948118622
16.97702632952594
16.513812567663614
17.23025779853328
16.484033304454268
16.111591603567746
17.076911603087147
19.082305189492565
17.254283071373436
15.823845561437004
14.680339664285002
18.108976720458216
17.934149326881005
18.150285790541965
17.417033855578744
17.8570559396311
17.401490812399146
16.061852020397303
16.329402749068528
18.79931927393541
15.556628964072933
15.68844515498648
17.28134800699225
15.23113546911499
14.177117768872344
15.903395632132485
16.61932401488402
18.876296338899927
16.328266333162254
14.744938469357674
16.568169017740672
15.978955891993026
18.45013686638202
16.638096855301235
18.2020449762878
13.344020885658939
14.538089531863593
16.25377874889911
15.598821792924696
17.78210369013986
14.007667204399674
14.429706406703886
16.14274084086497
16.451614029507123
16.125393649002643
16.947304717175804
18.243687099721214
16.190441949507488
15.54251799046715
16.65236136150136
16.35806156998449
15.967952948727602
17.204530706026823
16.20008666314902
17.004042300236513
15.771593952372843
14.168954820601524
13.721810200512085
13.367588480448674
17.133224884377377
16.933108587034972
15.862041171772738
16.30555684349163
14.23807940746788
15.641706026607563
17.44379685510947
16.046206532635566
16.956544381541512
13.822801832357968
13.181125316202623
13.934683710694216
15.777799175429102
13.896088533017545
13.668819446922656
12.251107704294949
14.611407064020487
14.17695629400622
16.01353225367562
14.896084008495365
16.52518002075447
14.684457711111362
14.181218300839147
13.799169776358147
16.16180140298973
13.708801295452814
14.58581643514714
14.881345570191698
13.509427178835832
11.52933299072215
13.948746006423297
14.194354425581114
15.786824842208715
14.375642777317042
11.820497265886502
14.874786027128694
14.34960815263391
13.922316865883422
14.867274688514511
15.712647628110695
11.334540930435475
11.637930587967602
13.730161519009327
11.928112426180759
15.517461692763005
11.863633158418722
11.513591135820512
14.444284612662184
14.723172103403178
15.323678842621142
13.163960596863257
15.41830090570749
13.080928196206058
13.228731475855277
14.265079865236306
14.42060649912895
13.423210793829112
14.987657787924256
13.714059228628836
13.942143362000882
13.540496308721659
11.17616055727811
12.69941285670463
11.715401718822637
13.844059962364513
15.303466339725441
13.685170646740833
13.911266173634937
12.778512193588742
12.641709374379086
14.410717832627485
15.236229690325947
14.325372361000968
17.88984205250958
16.885799320489056
18.73747778719062
18.69043313959198
18.781193780161885
17.51657799347351
15.051401123543
20.609002089901196
18.306311951845547
22.26226504015633
19.66706271830252
19.671140082818297
18.522365179535626
19.340273321441803
18.511870968450218
18.969405895627116
18.341174442805045
17.42074311606059
18.741313596728222
15.287631115010232
15.711766813611378
18.79329959044089
18.834994511693903
20.474953043404827
18.033997623482524
17.633211350769887
17.22710090202883
17.086293930648825
19.123908388467584
17.475423792711563
20.198079566855775
15.684647562210968
17.132910621831794
17.21543516582397
16.904093620447092
19.71310109130919
15.701780717774339
15.973111428961671
18.668545651460857
18.453447765518263
18.59751497739785
18.14381998813261
17.069383722340127
18.69272857187533
17.02714409642268
18.05436021292848
18.311551452007965
17.244529816739174
18.198790022149705
18.702134635305697
18.547544508081636
17.061376014333927
15.799921859679039
16.137109925538713
14.764312046526346
20.153049322620934
17.515228120945192
16.817404214329226
16.855433684627396
16.63280176177784
17.797839626764965
19.0998547537221
18.206358664641662
18.983669061838985
16.711838738720623
16.206183187240327
16.497085103849408
17.080060678330405
18.286804073970373
14.085891507544265
14.091107615388944
19.017171234538218
16.886259487938045
18.72317582852301
16.804474153429652
16.865387892001735
16.61822296315023
17.105137132648128
16.455717510971237
17.533625621144232
15.755593216638868
14.720219886654755
17.105480759173147
14.633006963910486
14.221571433312885
14.696734763639169
15.787579176173645
19.619571536175098
17.12199951521775
14.18779732147549
17.79864583503267
14.933580792677951
17.364084360905462
15.671216866179993
16.359802812687338
13.827609306088062
15.078200903296542
15.654862414726876
14.528019631022595
17.324169968326142
12.449325929648538
15.110433027457221
17.524653732392988
16.134764417182556
15.496827140215075
15.614604864904393
15.860204786951636
15.506414169787964
14.724155440598977
16.335957820013377
17.643311988684527
16.30717767126617
15.749251813033066
16.1216654740693
16.461523158581613
14.446357246645928
15.156072357904897
14.181400561924644
13.410433016437993
16.935740596492398
15.788796928231289
14.964368209413323
15.205600293787596
13.425031985973071
16.70799324090621
16.368759735377214
16.06240371194929
17.040491599795082
14.007990283697586
13.827744414017939
15.458475047668793
17.114646901056393
15.907875185737197
12.91417352061788
13.07870612789836
17.218050002022114
14.098058927595128
17.399272712115078
15.9520173011802
17.23252687318303
15.006051536920076
15.450421025907671
15.292762549704943
17.883681202134632
15.725956800750096
13.530590068208275
15.977743690891003
13.770006281186165
12.552589962523012
16.07307670353254
14.965574959368379
16.372631692559015
16.315497484672154
12.87944861882892
15.988660693309386
14.221980870776587
16.645281653772606
14.713094650528495
15.995135195078852
12.170602530609958
13.86981409086501
14.256986796585897
13.493533035265642
16.540061990803842
12.378156700598351
13.911224031906057
16.111336524641498
15.793613103373163
16.356070447022944
14.392509014022483
15.02217615813682
13.029861594854756
13.977041698580177
14.734178303042299
15.76155180312169
14.560223217072657
16.021864131574166
14.882686740642818
15.071830387651422
14.954955775632817
13.59905271587123
11.91993813247612
11.967731926261695
15.779916118200562
13.50387706689731
15.78622628371635
15.269745643526923
13.34464428686136
14.832393349981814
14.884001853201267
15.972058986906845
16.37853812954199
17.011609803738438
17.54890056344091
18.601263409770016
19.243387282670763
18.061680795384273
15.828408968047226
15.253946667167138
19.105289766898764
16.415521634717095
19.376159139012714
18.34158402010558
18.732970288124235
17.373879581316164
16.349848048143276
18.428018923022037
19.783485691101667
17.77032310630083
16.165798857734266
17.572663021004615
16.79922277335062
14.455205864487944
16.846823302097565
16.829227379530735
20.522796487144717
17.894512307872
15.488615207127292
16.51889000964702
16.896207790299798
18.58363971398987
16.586883744155575
17.13246925510716
15.340891655431978
15.97877283657063
16.498491456185803
16.376737023478224
18.125107036303806
14.3268216366303
14.691329145160557
16.96334743780817
18.723104580568304
16.728796979230538
18.32293315217562
18.177485757359758
17.248635880898533
15.356874567387598
17.82924634173131
16.135919607796943
17.397092002969664
16.96963717170183
17.427181323092825
17.43349456240535
16.188471097214975
14.74249927396388
13.782594257209967
14.406533015975164
17.822035853260363
18.404758868143954
16.277358119665703
16.05131513597288
13.587002669313165
16.348492966271266
18.5230291042714
16.627078193073668
19.26272191889462
14.646564254660852
14.102732733868745
16.972903233061896
16.354063191325515
15.369840817019819
14.966642612552752
12.391957844404544
16.87811944511305
14.229675552507139
17.540259697923382
17.222405217765058
16.992377603774404
16.59423762130636
17.041439404688237
16.017125015867634
17.558145118990883
14.830266899602472
15.009045395708899
14.546864539898019
13.592625944427697
14.248071848700517
17.302787417023577
15.841736693007265
17.97136608630344
15.187255081808548
14.415156028707985
14.7223047393392
14.40842330022242
15.28136401422152
14.0682236285295
16.972760210122377
13.35696155642063
14.574565021555095
14.934645860117454
15.257275140792123
16.465148591800713
13.084712686341192
11.768156969794218
15.830391281288794
16.381295513935672
15.51013838824063
14.38535810814229
14.537914697461265
15.544339761732205
14.302112054139899
14.465138764300407
14.35388386461185
14.731493778240065
14.953737491860982
14.46995801948153
16.442227918337093
14.943755580779682
13.26709362054052
13.432453457054065
12.479525636116245
16.677294095006296
16.366718391112038
15.025540114389136
14.573195691229317
14.95626764981804
15.586390983428986
15.055585349080319
15.188725586056607
16.89766480842897
16.52076337149475
16.0225630146715
19.06297656844239
19.042882319054097
17.484343036444322
16.043522325716328
13.95691714865019
19.875341031497726
17.515461066562928
20.69271043894453
18.748839875994015
20.17564497032401
18.38965590849463
17.037631423086324
18.808751648257346
19.003644251772403
16.19444451168353
16.36628824952226
17.219998418440014
15.059336231539435
14.804767603732035
16.94436882867786
17.515796277072976
20.776769169281156
17.690929927112613
17.68981664877854
16.721316292597372
16.95024817037531
19.4496791280121
18.313391769598965
19.984097514571708
14.656178360159299
16.98155595708472
16.58626460225314
15.549921622211414
16.67805297966346
16.0238044928143
15.596599997560128
17.805010204590463
18.758412875895633
17.53407386952469
17.476014732034816
18.05736118383584
16.819853454641795
16.56160746899391
18.044213037779862
17.72975901698007
16.170862256017685
18.12004677962767
17.188546108911364
17.476115684371663
16.987395345276042
14.465300181037762
14.340508625732719
14.59922843511946
18.02595965567159
16.362697027868293
16.35595712031464
16.85942299942784
16.39750504052242
16.53645034949275
18.343909774536552
16.658075299497355
18.540782508585412
14.729821918285687
15.483749019811034
16.965166873988583
18.229083297071405
17.538180339898567
15.794597627162588
14.07310549558443
17.56314727575093
15.409946160324017
18.111689746653155
17.073071394387178
17.789062931438064
17.27498030346554
16.958114408896652
14.75612386377443
16.901748501822485
16.28767215790207
15.658625600782287
15.858427498329549
14.312669138175595
13.46194306575721
15.963252285994896
17.283920012579195
17.831278577817002
16.426610300354167
13.082824559639601
16.266330726359474
15.965817302045949
17.46988845506919
15.941612811060173
17.5544607101278
13.283075697478079
13.785837264703112
14.330923076416289
15.230845468641979
16.840711986084727
14.78500161303591
14.60116534505304
16.47931956286322
16.635057970016987
17.101601675750572
16.036466374632578
17.071165983710138
16.666328056625964
16.447578052034658
15.142931608482376
14.883940539341715
14.911363533826885
16.775041588929113
16.09426299523095
15.745828980226285
15.158510523964253
13.177567677807298
13.741781607854552
15.209200206351655
18.485515221648054
15.970267138344445
15.91894257359841
15.125818604186538
15.435745443333188
15.180948967958765
17.173093959719793
16.856201768961526
17.79949764820581
15.635919694866631
14.967329503511925
15.797561346408514
16.712976946321735
17.17676133045386
13.886409615947242
13.70116551620308
18.06194966293582
16.533787997796
17.919397668233973
17.26264561009226
17.91025416794265
16.268586539922318
15.403849678733573
15.664576986454785
17.640070623522483
16.026919835738823
15.189631742013262
15.735599787504874
13.849303276418896
12.899638227957906
14.531427656523757
15.27921015408183
19.11397196629504
15.905473865668876
12.278829936486494
16.64131355424191
15.588575194136984
16.598667951626748
15.824836957206601
16.363115151561747
13.917026036849654
13.609441361301993
15.364973286991821
14.844519132263569
16.365590681045482
13.322302223836607
14.894636779564086
16.47181711393275
17.42298177116706
15.30604892167552
15.272830903661436
15.938656421231414
15.304661355475014
14.530668974430215
17.087764969823304
15.005705188007918
15.225790897246155
15.089840510912003
14.980555094850573
15.296876748334665
13.926573747472464
13.208118577139869
13.383402340630804
13.97767601059065
16.591623028014606
15.128863631103728
15.49488889257058
15.393870994632255
13.31632942623255
15.918101998208178
15.500990156912414
15.815476433313751
17.114059238876766
13.844581447573253
12.135763313573113
14.365345945312566
14.658699988231845
15.136753761251365
12.930722672164379
11.376708550941004
15.939305399202857
13.27570655802737
16.543738105274688
15.38155839031108
15.522453699179943
15.05219485786321
14.603311886061695
14.250355059634844
15.648572282970663
12.794907713133648
13.592013614533938
13.674959535144687
12.367841004300839
12.57971458785179
14.104203112530707
13.474040989860079
15.255809560130452
13.02994085459244
12.675764745759317
14.24372662393459
12.267869675783047
15.04707191818148
13.803095872550832
15.104437007046077
12.955255116969058
13.13080164530724
12.725454279788801
12.52178363172328
13.78669843257481
10.86276608650728
12.989791965298405
13.47290044934657
14.959563834861608
13.825186250289939
13.877769376420103
13.698719488245818
11.361593901362804
14.433633034504798
14.352308028341934
13.569411952470638
14.421646656558226
13.469178302677614
13.142255168407887
14.29235677750463
12.791996399292165
12.521626503751232
11.712824985455912
11.583403025242275
13.193588433540361
13.258351232897823
13.189612675518292
13.6404179621108
12.443998891537248
13.43383349449426
15.516317109433023
12.656266303828986
14.578796061485612
13.402383654207085
12.73565460238922
15.389238094634182
15.726917743073873
15.477079215890816
13.71393475886607
12.4482351176344
16.40709052904333
13.198530548320903
16.852645233226436
15.199319565583382
17.056503788904013
14.77238288571178
14.974416331138281
14.1151102261513
16.40897401831538
14.267823767886139
13.509239486768996
15.462821683220245
12.092829513444313
13.437972486726359
15.866598665623181
14.54639814058018
15.9492588613388
14.175080779213204
12.760843070970427
14.226084986612433
12.559395639452044
14.721510327737633
14.348958604760627
16.833286428820394
12.48633244627358
12.102894239838122
14.096881770256116
14.682642246341057
16.04024200608881
12.861609977550064
12.752740565420167
14.796920400535553
15.482986314608452
14.837868970335341
13.432552242129125
14.397006588983194
14.987703631451042
12.878729382397545
14.264840831582964
13.524851065796021
13.389876198192912
14.428321350610254
13.358089831273983
14.858323031700962
14.813700389331146
12.444214902561384
12.286096639317233
11.826549311437473
16.110503514957667
14.995949728012361
15.101258127512674
13.20395003148414
14.118659751593084
14.586371483634029
14.67997819799168
14.44310223961771
15.397213483995976
17.710175993873502
15.492641995448976
18.6364554424507
19.093654997552527
18.829828930229937
15.384796688368699
15.300053489423401
19.524303818327812
16.83201500951253
20.653965106520868
18.697682909642676
19.00888062947464
18.253857718508826
17.19850295976126
17.341999683749492
19.663877821778115
17.661660622294296
15.27469856499859
17.57613362088517
16.51343208102692
15.127155830162351
17.542069153431772
17.813574146515364
18.764242760900586
18.02206296398385
14.73977913858313
16.288324803160084
16.44898955200629
17.966738031894373
16.21485264447392
18.171686954417027
14.686363360345128
15.89184516918656
16.848789780261605
16.16081621112925
17.303240536776464
14.427727064949927
13.79317522801846
17.41184183711655
19.283657833924583
16.633324705726825
16.177877737582712
16.828371634480177
16.97982597002594
14.810263615050681
17.4447528091403
16.003020671861698
16.174438235984162
16.635373242636753
16.221565911501905
17.402372227329526
16.307212924032847
14.068210702532129
13.933983726071814
13.700068671692476
17.30195349320677
16.580715626791935
16.946950457467658
16.633119993560516
14.074880042422121
16.638783600025015
17.550700461024118
16.22486845651798
18.69299538634919
17.459193680078624
16.264460836523195
18.955017199280203
20.136744474472284
19.69781653704187
16.465412092205465
15.074889665024843
21.007119683667607
17.596440922216598
21.844056528513995
20.772411097467074
20.339084839761473
20.777137103779562
19.2760445578789
18.60321697433515
21.2181627574869
17.87845120240088
17.602625472425654
18.562404518605767
16.90563395731768
16.467435906157146
18.716373645065257
18.664196736833073
21.812431750534103
17.977640999013705
15.866490377351605
18.774327982105735
16.584764299861426
20.064399911499375
19.117501410314983
20.445602785331907
16.12069601775843
16.718543231851484
17.92903297583435
17.270858504317044
19.865831191910253
14.9595282005015
17.07924781882072
18.945961149756922
18.69736532045881
19.22815259546499
16.806458513538782
18.31457339557791
17.415195129192284
18.78830468267352
18.042170464710964
19.700907559678424
18.936778254892985
19.001624314184514
18.11466639043488
19.61384973933168
17.775561519861352
15.619759863400118
16.056689968518775
15.752007517440264
20.168714247765745
18.696204749222513
18.59489334848631
17.385570790625
17.323951716684412
18.577650128413303
19.55204665559568
18.08225777253791
19.560685365719415
16.968565914154336
15.819400011238834
17.899471839556956
18.13575774174984
16.929888360767833
16.180482809029407
13.978560470651967
19.18939326420019
16.4305870872741
18.13372886022535
17.710841620001926
19.14989230197843
18.60958396733556
16.560609377397142
15.842801584610697
19.27180187917057
17.524574666589437
15.513665099517963
16.45474272474575
14.926989359464205
15.603492221699529
16.563438838249887
16.89409156602371
18.889209937241596
16.91025495260179
12.900911736398708
17.11285043507768
16.477728805272186
17.581928733620675
16.290560854740793
18.01651095460768
14.299184386780976
14.073021536683665
16.02108320389266
15.855649581552486
16.980854575814853
14.56301867802723
14.41168124175034
16.12107475883626
18.106071797342135
17.02260833457744
15.630675242701288
17.79715905333924
15.91557506001025
15.641359383290192
17.477225690733928
16.519394676953038
15.567923144657271
16.04594116868671
16.603941782198657
16.87484357385177
15.365233755778984
13.739941812557003
14.366620121435188
13.643308866038062
18.955704425806864
17.406569239247933
16.515603253330916
15.374703352691387
14.773278378307326
16.60185804662694
16.88866748673403
16.026283743618862
18.037212995537246
16.75419534094351
16.49539701821066
19.039852501503482
18.85312375848408
18.738325461347177
16.084264059751256
14.566089957279935
19.046117275417256
16.76375286950455
19.82318287532503
17.583635175712026
19.095384768871515
17.586694248887653
16.839047217281905
18.370170861514087
19.791729470146265
17.416607282889633
17.375489122806446
17.97575620873909
15.987749668073059
15.136168484627639
17.46253225343566
17.220266964594533
19.777617394815127
17.85493002871255
15.267648999015545
18.750674053825435
18.31585363582068
18.161214168503065
17.50144008438662
18.341167141977163
15.366605790338143
16.430914274281868
16.468371548263292
16.614829087309044
17.920060678831003
15.905454137763451
15.669696992413714
17.960777694470462
18.351897586893877
19.161167999927155
18.41281827299986
18.01249892357836
17.419434555395867
15.762244910766176
18.12198686687554
17.5770363758692
16.97116932445184
19.226948856400703
18.546583734938626
17.78630117375759
16.4769373972123
14.883927127881273
15.031987161578943
14.977264930615256
18.783412158629684
17.909176392752514
16.874591113582927
16.21872935529591
15.942234416734076
17.205640840083227
18.62646650878767
16.414516196860824
18.23305463654261
14.820026777953027
14.394557312587622
17.22813919260246
18.063895839538965
17.382860646938234
14.717242891516475
14.300001332157253
17.77056527775886
14.415591511213666
17.42148059486776
17.463031671205236
18.099445986561843
17.216568953640103
16.628408926832495
16.01674813425216
18.7010013589246
16.325546274976965
16.502367692511886
16.36978967313889
14.905800357092874
14.606083879874811
16.833842927976303
16.484486403049615
17.430625676727455
16.05397469293986
14.470575239627424
15.406710507240826
15.420626375198925
16.077043146946266
14.405798886266645
16.204489431094785
13.123255078975282
15.194588399749446
14.980409083594243
14.900555564345298
16.227257899994154
13.185833643442201
13.384042018739972
16.25262342755098
16.486775397517736
17.29794765889158
16.174777806684464
17.11653916818784
15.789985281935639
15.294837920149083
16.45945631823916
16.530996101096253
16.93932308679656
16.25148066679109
16.38019950640323
15.581506641134178
14.6836499186665
13.190747700307412
14.404490583487474
13.155054167044383
16.59755260984923
16.044552351440547
15.888311369504043
15.08903946425274
14.523797478833
15.752025684804302
17.111412918674603
15.322719195918735
18.347149896185286
16.27339967480741
16.69164371707174
18.700276800231347
17.37340376313984
18.237240836408034
15.678320070332529
14.769267605379792
18.195176334404795
16.234406892088952
18.61090290225173
17.55045256579292
18.966642881038958
16.618118584177843
17.980044958995915
17.318340836644545
18.063412078077103
16.747244190269374
15.715942158616805
16.613374698833187
15.260595003846765
14.790915104887963
17.94011604329354
16.53258559127984
18.556408663386968
16.995407645302013
14.510580914647319
15.961817531953754
14.916996969875477
17.249601333533253
16.189837019161963
17.481608702742058
14.36521175346887
15.257777152469087
15.423930567891146
15.858378566078628
16.309936336845873
13.927498516689731
13.734136785569083
16.71433052331036
17.136047722844545
17.136564793795944
16.583798866237018
16.854577790772343
16.913263732746177
15.757941548479629
16.138352680412318
16.50241433638503
16.314111314695
16.37925131085376
16.246059544760296
17.029156703788352
16.606656228498295
14.375519852504278
13.041250817192067
14.22599632328038
18.342806279661907
17.48938931231645
17.19520336721344
15.33374239406642
14.86210021116771
16.33526985915119
17.723082607989546
17.487558086733753
18.997593245549073
16.249328386311436
15.343365462333276
17.137711975357913
16.935759079291273
17.37195587326738
14.99750464344211
13.881405216424277
19.16519409242938
16.46290628333203
17.645609402503116
16.38561202626766
18.38206177935985
17.492128221662526
17.719254340959125
16.796317223079463
17.89402144153408
15.271167497958965
15.847710714953783
16.244961509963325
15.067521120365873
14.028644218290907
17.252229400822237
17.13278708494167
18.82320590977315
17.042805276662982
13.882564545139672
17.814687451808812
15.733709771255764
16.384457139810717
16.002750486575408
17.16647745899446
14.317837180988267
16.869878552224034
16.312861569025973
15.465667748665412
17.074399738684413
13.217900165084185
15.065204500692278
18.26826294676553
18.44282174487581
17.813841727804103
16.023600612376978
17.90929801298224
16.1158462060431
14.21750022869512
16.790902407043404
16.623405860614593
15.845587508906343
17.028622113843518
17.242011333702948
16.064370039927976
15.907661385909211
14.248002138289246
13.960614353559409
14.506287957665641
17.49849187707424
16.347410693688165
17.137037612065413
16.13577972814334
15.135016411883052
17.331078804422955
17.219122097566174
17.571177816727698
17.731241385111215
16.750580341818793
17.05616238116963
21.293951904075435
19.78440219265685
18.98298581183413
17.7988658783178
15.41898756474038
19.52330005846777
16.853215991167545
20.479756531047393
20.724649430315075
19.876420474391576
19.066921901517105
18.14896751962011
18.958847607453908
20.55638729006325
17.146216639193415
17.207018208562854
16.32104726992547
15.893686246506345
15.054695352912304
17.601895514942317
19.33213524237632
21.877929727692482
17.24462517484083
15.938259504980053
17.2458548807007
16.139464427439556
19.293859402138953
18.148009140869092
18.51068428376218
15.421130533562732
16.294784098227478
16.777478025138056
17.335168898021216
18.625284816282186
15.41872233621354
15.707117895470736
17.573824441299934
19.516470020144695
17.859818772423697
18.74075097609406
19.71225472436662
16.673030708187795
17.780318906964
18.05396961307589
17.62360696377731
17.891916701957665
17.988482121947058
18.23497695784955
17.877164371826776
16.856095058591794
14.486827315920966
14.745801494633639
15.612624830569803
19.5639250560347
18.290315236102227
17.62778694891622
16.988974429275956
15.602729504386446
16.685233488330642
19.932038282865268
17.7505173136156
19.56663138025708
15.292051135506885
15.216063225082168
17.341244616988142
16.66617333364557
15.672167569104174
15.907137005475338
12.24274584887037
15.811447754224233
15.43582456410148
17.004676152175115
17.654814991955732
18.03925470236287
16.773566725776366
16.40200088659645
15.848037937129918
18.792085392022965
16.295445668506794
15.413704239263769
15.277893504644968
15.71567319878221
13.788202721490352
15.862457799250372
15.458699212452839
19.113911075393386
15.817550693153509
13.260784187546768
16.292838908250875
15.881994811750296
16.275001872727948
15.375003300034152
16.446800724975446
13.791239394282512
13.244855997635414
15.239918934312843
15.207498572530278
15.749307986539353
13.794753767436008
12.036685159588806
16.389215483636228
15.597131213293034
14.972650126319655
14.139004675347483
16.06283191505829
14.291817609543262
14.992386810516035
16.305028619739808
15.233546963166825
14.68185331042459
14.46443225395439
14.440704607469225
15.424862772099548
14.460375395123073
12.419085198557575
14.064650309473809
12.899892694657748
14.870972725443641
16.290952060363075
14.387428396602512
14.929708152772077
13.762827387440709
14.569019811154973
16.370585900613502
14.69980504074483
17.166728064181
15.650307956945653
15.707452057780374
17.89072475442007
18.11854753135412
17.0375178377004
16.13735826024538
14.596483697274024
18.98000281543234
15.541452564655689
18.508919696634518
17.393755403657412
19.14953108841054
17.975447494779793
17.012237613368555
16.287698926897605
18.4007502959908
15.562137004657295
15.849210232885293
15.807031974893102
13.88959664693939
13.221308700533966
17.14612766386785
16.024559798532273
18.056023106929818
16.82908569445509
14.174685926532787
16.881638957675307
15.312313176771669
18.19266669061106
16.112202900770146
18.376254093663697
13.569020155221114
13.923980111608946
15.253704466609063
15.097400583803859
17.710449092624025
13.400548275236037
12.439214151366711
16.508425092188933
17.591027660457826
16.77871182251392
15.381541648583905
17.266965234642477
15.755495572233745
16.035570389102006
16.979055893690948
16.512111846005602
14.978453670949273
16.16991603641533
15.634869068799924
16.634786527030027
15.912809041375017
13.819672918407244
13.726148631476478
13.036832951532197
17.439961098647608
16.983675051235014
16.678642828444097
16.19897262765039
14.275849708023614
15.63700251999636
15.265849064261046
15.706011997256628
16.78303416059384
15.285671026373402
15.477212814906341
16.146256546208768
18.763530789375285
18.117723032921194
16.170681113839812
13.75656898459288
18.993873555260883
16.74670938933626
18.943975835926405
17.092115549711107
18.664212645446216
15.933709873725626
17.12694915442783
16.855726418740154
19.000454869324248
16.629542810498997
16.48119124052937
18.014123443807037
15.316121896834506
14.331304032602452
16.53232561703271
15.662597211333857
19.963572122380103
15.726767288194429
15.524610216571615
17.605829418547184
15.87010424049546
18.320065557088988
15.655396671479789
18.17623177294764
14.200971196684204
15.81504488126274
16.163298827187365
15.570305125515432
17.841150725996876
14.152727761965213
15.98168720318906
17.838523692781315
17.12570405241842
17.775795932935065
17.19128559208428
17.552551916170298
15.284193911421655
15.706297033880436
17.255373429524155
16.670105517991168
17.23136347517124
17.38084398982745
16.4782387571187
17.636699688260276
14.423880235289895
15.247190577938747
14.67706158098033
13.606898816593791
17.40187159032175
16.644739968383682
15.492757253599168
16.03235208061907
14.704086188081048
16.972064263463075
18.597853847932566
16.84393502059509
17.77171226102823
15.964582430204677
14.193629041542971
17.65528876982173
18.304275083490676
17.122417121561483
15.067684540503814
14.41911574812987
18.886125379945536
15.671769912695487
19.856562198029582
17.479367186884588
18.623714350689244
17.14966162032265
16.446534663964506
17.590506562333303
17.545564266083357
14.776573366247876
15.467417155860183
16.695192258422974
14.81384885856962
14.028950259204898
16.263681151905356
16.689600968308355
18.194619765575453
16.878313238808424
15.458876408942455
15.243792258051048
15.025122955443239
17.638294762918225
15.916196337166074
18.73709692274968
14.428477793621244
15.411146740926096
15.281766629320195
14.628864538131557
16.488406782453705
13.852000034186405
13.991152755318495
16.442186966148935
16.994092179377088
16.482228587983027
16.147277072949255
16.053445498364777
15.832838587424467
15.225568417579222
16.087496994700707
16.178345170443805
15.694527383522718
16.18156413825852
16.61838679629954
16.837036723945836
16.665551186808596
13.994576617290598
12.684414736934466
12.929916136662852
17.40015597025724
15.732587984693206
16.460963241859005
15.477451427583881
14.108741859601476
15.801547047512774
17.786348814191065
16.536261606049433
17.105651185566074
13.167350617745624
13.192391794578937
15.448974280209752
15.857768022914737
14.877269700108858
14.016758898166296
12.061593049951925
15.999324586443965
13.338320127880337
16.460198417912995
15.320277041100585
16.75684545465837
14.823120186307575
14.711802569292177
13.587131126791814
15.100355611677394
13.645151087224606
14.163238422871787
13.912412713871255
12.116416665999296
11.965064286086466
13.005567009884903
14.133129998517402
15.034396224330903
14.357905542961788
12.86558350476129
12.769601691022755
13.098980878387415
14.932802764217302
14.810695403537455
15.40825899436224
11.350606193789256
13.21184094104803
13.039174137514749
13.074133216491989
15.613490217986955
11.812162888182677
12.827927858474126
13.91044241565368
15.465194542579901
15.024734347664099
12.817357483213884
15.446295180744636
13.487817284679505
12.883552649309657
14.415688843987546
13.222135425764673
12.680897106300971
13.012734590184555
13.729982177696748
13.008063601171203
14.53594715828635
11.712936502173042
13.302518304289281
12.372225173979635
15.354012573848923
14.010475531440719
13.276670571238844
14.304321084874497
13.289451974243198
14.072204106758852
14.989903121781943
13.801716254126784
15.18801503364454
13.789400811809024
13.5693737506793
15.28907734755921
15.577842835423029
15.27141945201156
14.388697087003312
11.96398523519449
16.649922262868333
13.673617933431181
17.00705057850396
15.4490246150198
17.27111363946783
16.176016113014036
15.92410697888858
15.900953491831952
16.4840064222281
14.33460036606914
14.329823164952002
14.401333532257656
13.002108608663834
13.040816331439318
14.700936318432698
13.662164730551043
16.149062566651327
15.082691070627856
14.525985359837712
14.302574260673554
13.726127391144031
15.845560989174153
14.215119626556715
16.60840163869075
14.149888720287324
13.95557123515052
14.463381726131162
14.275733467841725
15.702660027415353
13.138012261423784
13.883616268332831
15.266820272319956
15.294394799209794
15.550804460600608
15.011812393515244
14.785107154115334
15.005107505414811
14.713142264718117
15.410023865862582
15.249142594835613
14.26422501643293
15.701356373314978
15.19029480952118
14.786125695804845
14.310835267114003
12.693208521631963
12.689721725916948
12.51942094481288
16.008567700177412
14.458125496517333
14.44888855351353
13.542096289004556
14.181468624294501
14.30542534759098
15.527825314841852
14.327716030752338
15.001879715574123
13.836217652780778
13.22558906142952
15.322879030438669
16.37503952598188
15.519081753366024
13.138133837656016
13.407910825610115
15.892682164449223
14.523658475383614
15.579612928673885
16.317017482424856
16.07481412211355
16.067035793613844
15.130312386840542
14.749890337255067
16.083975394520618
14.107167271390214
13.347621394867248
15.460604163342897
13.266270990387028
11.986271271527471
13.865192642200086
14.807608165015269
16.192430904662245
14.98868415933719
13.361140692838443
14.184632322898121
13.9569312772069
16.315983608024318
13.568855466070955
14.399146252882064
11.945317961107019
13.824905098693899
13.415881707633515
13.419784533401282
14.873581644900222
11.861421766855923
12.542180803145689
14.44473582786877
14.035288994699497
15.269458008404955
15.432440530567472
15.38820736236477
12.820592013516432
13.8602734024773
14.998602156725275
15.307975106077528
15.418450611442386
14.662911502950399
14.52779084341161
14.716734593196426
13.434225534275553
12.956455150823986
12.44242334768281
11.932197977087503
14.566010144549386
14.022990430734101
13.396388455076623
14.068967596777151
12.264569383016134
13.919919804442413
15.456723412725049
14.989853445378346
17.305932134371403
15.536142769799637
15.796286276401501
17.553873629303737
20.13904276809473
17.71506586165609
16.63083974997
15.48769718512566
18.07762586809709
15.599478745403244
19.067663434007525
17.781339167790144
18.924800000211736
16.544569019601276
18.52999946978927
16.82902742046593
18.795927718151404
16.83725010444392
15.743364554025549
17.46465905329848
16.051861218274276
14.372424077582012
17.156216750340732
17.04264437210823
18.447286772091473
16.823197851129933
15.200412534804345
17.57700916835209
15.470814792260791
18.177163089538272
16.339253343997985
18.4089629530993
12.786214139111227
14.831177830646348
16.563173122885114
16.37206081199581
16.29265056344056
14.770633318533068
15.08658443327835
16.673869373834147
18.444118323109052
16.77442768675571
17.101535498039684
18.363976304647043
15.786681710288326
17.095908617714915
17.448561533054228
16.009401430839777
17.212442648556774
16.98600735235191
16.36271139584452
16.3654321651256
16.148669782273704
14.083946042401887
14.871754412345952
12.779343284055209
17.27453767579229
15.935862354507636
17.616925346461276
16.637542077111615
15.307548682809664
16.580080136694527
19.30739044017445
16.39092644272816
19.71256251664515
15.276878094980457
14.537376760223996
14.768196205638748
17.325696582768934
15.99268334710137
14.246069350286785
12.279727883822583
17.023475858095807
14.56200332988783
17.30080382461137
15.657889635848766
16.146863305848118
15.178689973909876
15.523113230235323
14.616474735260585
16.893099608663803
15.548029962519085
14.342895337924682
16.059127143620348
15.4973231421793
12.774361352309752
15.162632475026406
15.353054909601159
16.64939800422242
15.244457296068376
12.656885227241153
16.616424545230352
16.13599110771538
16.409170918405987
15.044828832748145
15.503521768233034
12.839418880618725
13.325526717240209
13.541345488982921
14.283759498103466
15.558817881195012
12.921477843265231
13.53064711499297
15.40258791354715
16.169121442882957
15.28962613814449
14.1936901275823
15.038133180981822
13.808571880816226
15.07765390103144
15.018728223340652
14.452405713299612
14.202096851247877
15.666830772873377
14.73752643195167
15.52033315473538
14.09457274872064
13.63864836211049
13.004492554377045
12.847278501920696
15.676114901628305
14.111920705983106
14.942276899829167
14.25699179607442
13.524430825319826
14.273541010555746
15.9548174974783
14.383402849287224
16.511727559153773
14.377619165043985
13.574202364443918
16.493306339509836
16.037780763526488
15.917043739176675
13.733684615084869
13.530205913267023
17.944145847802076
14.197031182317028
18.254465441331416
16.474188713253856
17.184848377254447
15.296259612093925
15.410777167614297
16.03400078674933
16.465921163297786
16.35533322050904
14.194355922270326
15.586864584457267
14.243902936936657
13.256022112190129
16.51881945455795
15.371398562912843
18.46936446733185
15.306307722086263
14.51801575834316
15.043559013854406
13.865833345778295
16.38418434532162
13.984648190635713
16.00964570699695
14.071039399739789
14.38505058964049
15.019772459741377
14.627768251195977
15.600369150768927
12.028287318140423
13.214579092505447
16.6451198087333
16.499773444891055
16.616183616112032
15.517017519184366
14.977360086104202
14.742964728235684
13.909651915855916
15.628455551497986
15.918208973098963
14.858509584716142
16.48906178325825
15.75160743852948
15.804305957069337
13.709035505123655
13.386450208760401
11.966318533646035
12.705478180209061
16.060445795506492
14.92717864488564
14.722199114740388
13.753970700288152
13.118840736599298
15.877044892449197
15.740699003784265
16.169650019507593
17.685153694826848
16.232924769573316
15.901899379452635
17.805381257471428
19.232960071450364
18.23839946242997
16.055145629296312
15.836784337004401
19.935956731262245
16.191078749773467
20.331106330194416
19.43122002991511
19.143554421371253
17.35071614179025
18.21167640972041
17.582605765735227
18.59731424348354
16.628673650273015
15.89632725815693
17.322848798100043
15.717105439270593
14.904652577129372
17.57945453521912
17.506222046740625
20.036245259050922
17.29516211059929
15.075203855863318
18.40642169090081
15.818424942402505
18.034505314893227
16.93807599078792
18.95247193560034
14.445352901289453
16.73214826251568
16.587270754732902
17.13395341585437
17.427054211855896
14.763158626642834
15.302714920340145
17.76814895892747
20.728921887632104
17.550201201807866
18.731054131902475
17.17912668846192
17.003662367955034
16.700527261754303
18.586773313697346
15.923514058024606
17.184255543411787
16.26754829917206
17.399758639775744
16.124609796704807
17.73378482779601
13.85837616363186
14.697345934063158
14.844294439940148
17.331794971961127
18.498548558494353
17.46292615960288
18.367967569366392
15.575246441373103
17.609514818802786
18.121587008277327
17.315847842967457
18.6713641523547
16.62946501057625
17.145265787099554
18.366669153222205
17.987219129171976
16.994284659831163
15.922558709837261
14.80853229970217
0.0
0.0
0.0
0.0
0.0
0.0
0.0
0.0
0.0
0.0
0.0
0.0
0.0
0.0
0.0
0.0
0.0
0.0
0.0
0.0
0.0
0.0
0.0
0.0
0.0
0.0
0.0
0.0
0.0
0.0
0.0
0.0
0.0
0.0
0.0
0.0
0.0
0.0
0.0
0.0
0.0
0.0
0.0
0.0
0.0
0.0
0.0
0.0
0.0
0.0
0.0
0.0
0.0
0.0
0.0
0.0
0.0
0.0
0.0
0.0
0.0
0.0
0.0
0.0
0.0
0.0
0.0
0.0
0.0
0.0
0.0
0.0
0.0
0.0
0.0
0.0
0.0
0.0
0.0
0.0
0.0
0.0
0.0
0.0
0.0
0.0
0.0
0.0
0.0
0.0
0.0
0.0
0.0
0.0
0.0
0.0
0.0
0.0
0.0
0.0
0.0
0.0
0.0
0.0
0.0
0.0
0.0
0.0
0.0
0.0
0.0
0.0
0.0
0.0
0.0
0.0
0.0
0.0
0.0
0.0
0.0
0.0
0.0
0.0
0.0
0.0
0.0
0.0
0.0
0.0
0.0
0.0
0.0
0.0
0.0
0.0
0.0
0.0
0.0
0.0
0.0
0.0
0.0
0.0
0.0
0.0
0.0
0.0
0.0
0.0
0.0
0.0
0.0
0.0
0.0
0.0
0.0
0.0
0.0
0.0
0.0
0.0
0.0
0.0
0.0
0.0
0.0
0.0
0.0
0.0
0.0
0.0
0.0
0.0
0.0
0.0
0.0
0.0
0.0
0.0
0.0
0.0
0.0
0.0
0.0
0.0
0.0
0.0
0.0
0.0
0.0
0.0
0.0
0.0
0.0
0.0
0.0
0.0
0.0
0.0
0.0
0.0
0.0
0.0
0.0
0.0
0.0
0.0
0.0
0.0
0.0
0.0
0.0
0.0
0.0
0.0
0.0
0.0
0.0
0.0
0.0
0.0
0.0
0.0
0.0
0.0
0.0
0.0
0.0
0.0
0.0
0.0
0.0
0.0
0.0
0.0
0.0
0.0
0.0
0.0
0.0
0.0
0.0
0.0
0.0
0.0
0.0
0.0
0.0
0.0
0.0
0.0
0.0
0.0
0.0
0.0
0.0
0.0
0.0
0.0
0.0
0.0
0.0
0.0
0.0
0.0
0.0
0.0
0.0
0.0
0.0
0.0
0.0
0.0
0.0
0.0
0.0
0.0
0.0
0.0
0.0
0.0
0.0
0.0
0.0
0.0
0.0
0.0
0.0
0.0
0.0
0.0
0.0
0.0
0.0
0.0
0.0
0.0
0.0
0.0
0.0
0.0
0.0
0.0
0.0
0.0
0.0
0.0
0.0
0.0
0.0
0.0
0.0
0.0
0.0
0.0
0.0
0.0
0.0
0.0
0.0
0.0
0.0
0.0
0.0
0.0
0.0
0.0
0.0
0.0
0.0
0.0
0.0
0.0
0.0
0.0
0.0
0.0
0.0
0.0
0.0
0.0
0.0
0.0
0.0
0.0
0.0
0.0
0.0
0.0
0.0
0.0
0.0
0.0
0.0
0.0
0.0
0.0
0.0
0.0
0.0
0.0
0.0
0.0
0.0
0.0
0.0
0.0
0.0
0.0
0.0
0.0
0.0
0.0
0.0
0.0
0.0
0.0
0.0
0.0
0.0
0.0
0.0
0.0
0.0
0.0
0.0
0.0
0.0
0.0
0.0
0.0
0.0
0.0
0.0
0.0
0.0
0.0
0.0
0.0
0.0
0.0
0.0
0.0
0.0
0.0
0.0
0.0
0.0
0.0
0.0
0.0
0.0
0.0
0.0
0.0
0.0
0.0
0.0
0.0
0.0
0.0
0.0
0.0
0.0
0.0
0.0
0.0
0.0
0.0
0.0
0.0
0.0
0.0
0.0
0.0
0.0
0.0
0.0
0.0
0.0
0.0
0.0
0.0
0.0
0.0
0.0
0.0
0.0
0.0
0.0
0.0
0.0
0.0
0.0
0.0
0.0
0.0
0.0
0.0
0.0
0.0
0.0
0.0
0.0
0.0
0.0
0.0
0.0
0.0
0.0
0.0
0.0
0.0
0.0
0.0
0.0
0.0
0.0
0.0
0.0
0.0
0.0
0.0
0.0
0.0
0.0
0.0
0.0
0.0
0.0
0.0
0.0
0.0
0.0
0.0
0.0
0.0
0.0
0.0
0.0
0.0
0.0
0.0
0.0
0.0
0.0
0.0
0.0
0.0
0.0
0.0
0.0
0.0
0.0
0.0
0.0
0.0
0.0
0.0
0.0
0.0
0.0
0.0
0.0
0.0
0.0
0.0
0.0
0.0
0.0
0.0
0.0
0.0
0.0
0.0
0.0
0.0
0.0
0.0
0.0
0.0
0.0
0.0
0.0
0.0
0.0
0.0
0.0
0.0
0.0
0.0
0.0
0.0
0.0
0.0
0.0
0.0
0.0
0.0
0.0
0.0
0.0
0.0
0.0
0.0
0.0
0.0
0.0
0.0
0.0
0.0
0.0
0.0
0.0
0.0
0.0
0.0
0.0
0.0
0.0
0.0
0.0
0.0
0.0
0.0
0.0
0.0
0.0
0.0
0.0
0.0
0.0
0.0
0.0
0.0
0.0
0.0
0.0
0.0
0.0
0.0
0.0
0.0
0.0
0.0
0.0
0.0
0.0
0.0
0.0
0.0
0.0
0.0
0.0
0.0
0.0
0.0
0.0
0.0
0.0
0.0
0.0
0.0
0.0
0.0
0.0
0.0
0.0
0.0
0.0
0.0
0.0
0.0
0.0
0.0
0.0
0.0
0.0
0.0
0.0
0.0
0.0
0.0
0.0
0.0
0.0
0.0
0.0
0.0
0.0
0.0
0.0
0.0
0.0
0.0
0.0
0.0
0.0
0.0
0.0
0.0
0.0
0.0
0.0
0.0
0.0
0.0
0.0
0.0
0.0
0.0
0.0
0.0
0.0
0.0
0.0
0.0
0.0
0.0
0.0
0.0
0.0
0.0
0.0
0.0
0.0
0.0
0.0
0.0
0.0
0.0
0.0
0.0
0.0
0.0
0.0
0.0
0.0
0.0
0.0
0.0
0.0
0.0
0.0
0.0
0.0
0.0
0.0
0.0
0.0
0.0
0.0
0.0
0.0
0.0
0.0
0.0
0.0
0.0
0.0
0.0
0.0
0.0
0.0
0.0
0.0
0.0
0.0
0.0
0.0
0.0
0.0
0.0
0.0
0.0
0.0
0.0
0.0
0.0
0.0
0.0
0.0
0.0
0.0
0.0
0.0
0.0
0.0
0.0
0.0
0.0
0.0
0.0
0.0
0.0
0.0
0.0
0.0
0.0
0.0
0.0
0.0
0.0
0.0
0.0
0.0
0.0
0.0
0.0
0.0
0.0
0.0
0.0
0.0
0.0
0.0
0.0
0.0
0.0
0.0
0.0
0.0
0.0
0.0
0.0
0.0
0.0
0.0
0.0
0.0
0.0
0.0
0.0
0.0
0.0
0.0
0.0
0.0
0.0
0.0
0.0
0.0
0.0
0.0
0.0
0.0
0.0
0.0
0.0
0.0
0.0
0.0
0.0
0.0
0.0
0.0
0.0
0.0
0.0
0.0
0.0
0.0
0.0
0.0
0.0
0.0
0.0
0.0
0.0
0.0
0.0
0.0
0.0
0.0
0.0
0.0
0.0
0.0
0.0
0.0
0.0
0.0
0.0
0.0
0.0
0.0
0.0
0.0
0.0
0.0
0.0
0.0
0.0
0.0
0.0
0.0
0.0
0.0
0.0
0.0
0.0
0.0
0.0
0.0
0.0
0.0
0.0
0.0
0.0
0.0
0.0
0.0
0.0
0.0
0.0
0.0
0.0
0.0
0.0
0.0
0.0
0.0
0.0
0.0
0.0
0.0
0.0
0.0
0.0
0.0
0.0
0.0
0.0
0.0
0.0
0.0
0.0
0.0
0.0
0.0
0.0
0.0
0.0
0.0
0.0
0.0
0.0
0.0
0.0
0.0
0.0
0.0
0.0
0.0
0.0
0.0
0.0
0.0
0.0
0.0
0.0
0.0
0.0
0.0
0.0
0.0
0.0
0.0
0.0
0.0
0.0
0.0
0.0
0.0
0.0
0.0
0.0
0.0
0.0
0.0
0.0
0.0
0.0
0.0
0.0
0.0
0.0
0.0
0.0
0.0
0.0
0.0
0.0
0.0
0.0
0.0
0.0
0.0
0.0
0.0
0.0
0.0
0.0
0.0
0.0
0.0
0.0
0.0
0.0
0.0
0.0
0.0
0.0
0.0
0.0
0.0
0.0
0.0
0.0
0.0
0.0
0.0
0.0
0.0
0.0
0.0
0.0
0.0
0.0
0.0
0.0
0.0
0.0
0.0
0.0
0.0
0.0
0.0
0.0
0.0
0.0
0.0
0.0
0.0
0.0
0.0
0.0
0.0
0.0
0.0
0.0
0.0
0.0
0.0
0.0
0.0
0.0
0.0
0.0
0.0
0.0
0.0
0.0
0.0
0.0
0.0
0.0
0.0
0.0
0.0
0.0
0.0
0.0
0.0
0.0
0.0
0.0
0.0
0.0
0.0
0.0
0.0
0.0
0.0
0.0
0.0
0.0
0.0
0.0
0.0
0.0
0.0
0.0
0.0
0.0
0.0
0.0
0.0
0.0
0.0
0.0
0.0
0.0
0.0
0.0
0.0
0.0
0.0
0.0
0.0
0.0
0.0
0.0
0.0
0.0
0.0
0.0
0.0
0.0
0.0
0.0
0.0
0.0
0.0
0.0
0.0
0.0
0.0
0.0
0.0
0.0
0.0
0.0
0.0
0.0
0.0
0.0
0.0
0.0
0.0
0.0
0.0
0.0
0.0
0.0
0.0
0.0
0.0
0.0
0.0
0.0
0.0
0.0
0.0
0.0
0.0
0.0
0.0
0.0
0.0
0.0
0.0
0.0
0.0
0.0
0.0
0.0
0.0
0.0
0.0
0.0
0.0
0.0
0.0
0.0
0.0
0.0
0.0
0.0
0.0
0.0
0.0
0.0
0.0
0.0
0.0
0.0
0.0
0.0
0.0
0.0
0.0
0.0
0.0
0.0
0.0
0.0
0.0
0.0
0.0
0.0
0.0
0.0
0.0
0.0
0.0
0.0
0.0
0.0
0.0
0.0
0.0
0.0
0.0
0.0
0.0
0.0
0.0
0.0
0.0
0.0
0.0
0.0
0.0
0.0
0.0
0.0
0.0
0.0
0.0
0.0
0.0
0.0
0.0
0.0
0.0
0.0
0.0
0.0
0.0
0.0
0.0
0.0
0.0
0.0
0.0
0.0
0.0
0.0
0.0
0.0
0.0
0.0
0.0
0.0
0.0
0.0
0.0
0.0
0.0
0.0
0.0
0.0
0.0
0.0
0.0
0.0
0.0
0.0
0.0
0.0
0.0
0.0
0.0
0.0
0.0
0.0
0.0
0.0
0.0
0.0
0.0
0.0
0.0
0.0
0.0
0.0
0.0
0.0
0.0
0.0
0.0
0.0
0.0
0.0
0.0
0.0
0.0
0.0
0.0
0.0
0.0
0.0
0.0
0.0
0.0
0.0
0.0
0.0
0.0
0.0
0.0
0.0
0.0
0.0
0.0
0.0
0.0
0.0
0.0
0.0
0.0
0.0
0.0
0.0
0.0
0.0
0.0
0.0
0.0
0.0
0.0
0.0
0.0
0.0
0.0
0.0
0.0
0.0
0.0
0.0
0.0
0.0
0.0
0.0
0.0
0.0
0.0
0.0
0.0
0.0
0.0
0.0
0.0
0.0
0.0
0.0
0.0
0.0
0.0
0.0
0.0
0.0
0.0
0.0
0.0
0.0
0.0
0.0
0.0
0.0
0.0
0.0
0.0
0.0
0.0
0.0
0.0
0.0
0.0
0.0
0.0
0.0
0.0
0.0
0.0
0.0
0.0
0.0
0.0
0.0
0.0
0.0
0.0
0.0
0.0
0.0
0.0
0.0
0.0
0.0
0.0
0.0
0.0
0.0
0.0
0.0
0.0
0.0
0.0
0.0
0.0
0.0
0.0
0.0
0.0
0.0
0.0
0.0
0.0
0.0
0.0
0.0
0.0
0.0
0.0
0.0
0.0
0.0
0.0
0.0
0.0
0.0
0.0
0.0
0.0
0.0
0.0
0.0
0.0
0.0
0.0
0.0
0.0
0.0
0.0
0.0
0.0
0.0
0.0
0.0
0.0
0.0
0.0
0.0
0.0
0.0
0.0
0.0
0.0
0.0
0.0
0.0
0.0
0.0
0.0
0.0
0.0
0.0
0.0
0.0
0.0
0.0
0.0
0.0
0.0
0.0
0.0
0.0
0.0
0.0
0.0
0.0
0.0
0.0
0.0
0.0
0.0
0.0
0.0
0.0
0.0
0.0
0.0
0.0
0.0
0.0
0.0
0.0
0.0
0.0
0.0
0.0
0.0
0.0
0.0
0.0
0.0
0.0
0.0
0.0
0.0
0.0
0.0
0.0
0.0
0.0
0.0
0.0
0.0
0.0
0.0
0.0
0.0
0.0
0.0
0.0
0.0
0.0
0.0
0.0
0.0
0.0
0.0
0.0
0.0
0.0
0.0
0.0
0.0
0.0
0.0
0.0
0.0
0.0
0.0
0.0
0.0
0.0
0.0
0.0
0.0
0.0
0.0
0.0
0.0
0.0
0.0
0.0
0.0
0.0
0.0
0.0
0.0
0.0
0.0
0.0
0.0
0.0
0.0
0.0
0.0
0.0
0.0
0.0
0.0
0.0
0.0
0.0
0.0
0.0
0.0
0.0
0.0
0.0
0.0
0.0
0.0
0.0
0.0
0.0
0.0
0.0
0.0
0.0
0.0
0.0
0.0
0.0
0.0
0.0
0.0
0.0
0.0
0.0
0.0
0.0
0.0
0.0
0.0
0.0
0.0
0.0
0.0
0.0
0.0
0.0
0.0
0.0
0.0
0.0
0.0
0.0
0.0
0.0
0.0
0.0
0.0
0.0
0.0
0.0
0.0
0.0
0.0
0.0
0.0
0.0
0.0
0.0
0.0
0.0
0.0
0.0
0.0
0.0
0.0
0.0
0.0
0.0
0.0
0.0
0.0
0.0
0.0
0.0
0.0
0.0
0.0
0.0
0.0
0.0
0.0
0.0
0.0
0.0
0.0
0.0
0.0
0.0
0.0
0.0
0.0
0.0
0.0
0.0
0.0
0.0
0.0
0.0
0.0
0.0
0.0
0.0
0.0
0.0
0.0
0.0
0.0
0.0
0.0
0.0
0.0
0.0
0.0
0.0
0.0
0.0
0.0
0.0
0.0
0.0
0.0
0.0
0.0
0.0
0.0
0.0
0.0
0.0
0.0
0.0
0.0
0.0
0.0
0.0
0.0
0.0
0.0
0.0
0.0
0.0
0.0
0.0
0.0
0.0
0.0
0.0
0.0
0.0
0.0
0.0
0.0
0.0
0.0
0.0
0.0
0.0
0.0
0.0
0.0
0.0
0.0
0.0
0.0
0.0
0.0
0.0
0.0
0.0
0.0
0.0
0.0
0.0
0.0
0.0
0.0
0.0
0.0
0.0
0.0
0.0
0.0
0.0
0.0
0.0
0.0
0.0
0.0
0.0
0.0
0.0
0.0
0.0
0.0
0.0
0.0
0.0
0.0
0.0
0.0
0.0
0.0
0.0
0.0
0.0
0.0
0.0
0.0
0.0
0.0
0.0
0.0
0.0
0.0
0.0
0.0
0.0
0.0
0.0
0.0
0.0
0.0
0.0
0.0
0.0
0.0
0.0
0.0
0.0
0.0
0.0
0.0
0.0
0.0
0.0
0.0
0.0
0.0
0.0
0.0
0.0
0.0
0.0
0.0
0.0
0.0
0.0
0.0
0.0
0.0
0.0
0.0
0.0
0.0
0.0
0.0
0.0
0.0
0.0
0.0
0.0
0.0
0.0
0.0
0.0
0.0
0.0
0.0
0.0
0.0
0.0
0.0
0.0
0.0
0.0
0.0
0.0
0.0
0.0
0.0
0.0
0.0
0.0
0.0
0.0
0.0
0.0
0.0
0.0
0.0
0.0
0.0
0.0
0.0
0.0
0.0
0.0
0.0
0.0
0.0
0.0
0.0
0.0
0.0
0.0
0.0
0.0
0.0
0.0
0.0
0.0
0.0
0.0
0.0
0.0
0.0
0.0
0.0
0.0
0.0
0.0
0.0
0.0
0.0
0.0
0.0
0.0
0.0
0.0
0.0
0.0
0.0
0.0
0.0
0.0
0.0
0.0
0.0
0.0
0.0
0.0
0.0
0.0
0.0
0.0
0.0
0.0
0.0
0.0
0.0
0.0
0.0
0.0
0.0
0.0
0.0
0.0
0.0
0.0
0.0
0.0
0.0
0.0
0.0
0.0
0.0
0.0
0.0
0.0
0.0
0.0
0.0
