21.995715
47.008792
52.157622
25.428889
95.627169
20.750021
27.525802
39.472421
33.693293
58.531060
63.747520
86.867302
47.215019
86.278784
49.058916
90.070225
37.512375
24.153711
84.514314
39.055013
55.203568
52.682684
58.972798
45.273872
19.712458
92.038354
68.266964
52.692237
45.540873
47.194077
93.265623
65.654418
24.343318
70.447995
39.390728
38.999115
69.308041
27.323665
33.836901
20.946930
76.402468
37.009339
41.890940
60.151416
28.672596
32.031600
44.609793
52.716216
87.494146
27.810743
32.667218
21.479168
58.491654
30.256098
71.400371
45.877915
64.188311
42.472271
22.588828
43.511062
59.969177
23.199643
73.228680
73.532081
49.080068
37.607699
68.152679
33.722545
57.889700
18.972889
65.181669
27.092909
47.738057
35.449230
72.188865
71.588310
4.502954
86.737012
70.703811
38.454458
11.611915
51.531165
85.149023
56.408927
49.232350
22.328793
40.232619
43.784000
18.986881
58.297560
58.193522
23.333788
24.673823
90.428109
20.339892
15.161512
54.944723
61.716400
51.946386
33.132469
43.507142
15.592757
54.882964
71.710436
38.609986
65.045591
59.893867
59.499984
48.450178
29.945322
28.810660
50.741874
11.799509
23.849128
80.583602
64.924631
62.442859
57.830504
39.894143
91.195667
59.548936
75.307638
44.620635
54.010492
34.735714
11.860881
29.062646
47.301756
75.061030
54.608049
78.132482
29.735374
50.050067
57.901162
17.106819
68.448340
55.338086
46.098558
78.563599
43.029532
34.064863
76.845687
67.493169
53.989663
45.298328
48.198829
28.130392
64.006148
65.500082
68.124670
21.004138
59.262655
80.328988
26.300944
55.470262
22.191899
24.220890
52.662632
73.185028
34.268255
15.250007
41.914163
60.401287
21.560858
27.827621
58.508269
26.258538
25.173983
73.132136
65.480111
70.805403
18.137522
36.709596
36.740350
77.452449
78.377979
53.475690
36.082855
76.212454
39.778346
47.329241
52.871833
16.057539
30.175304
79.520742
67.792073
33.327425
45.352437
56.729749
79.931644
53.101392
76.884654
28.601765
20.454058
70.611222
58.854292
58.519019
91.528243
39.771940
13.766233
17.358961
69.618826
17.487899
20.723407
47.064049
58.399846
8.964672
56.742523
48.252008
42.380655
37.428985
36.803693
62.961071
20.524561
50.035481
22.025693
65.849098
68.080828
56.615782
57.554646
39.459284
53.845274
51.238990
35.990394
37.784377
68.354228
29.605996
21.161364
33.489855
45.300078
25.976717
50.919778
8.970291
25.162812
7.804840
69.265905
48.671948
45.688080
83.698974
49.401936
10.049523
46.696712
22.914083
32.222585
59.544000
89.929274
44.848434
77.346532
59.849658
19.404797
35.226801
14.918621
61.781880
33.809687
42.285175
66.964205
50.967786
41.990216
31.518993
80.285808
51.735463
76.583710
61.064134
50.402622
56.439585
38.568288
58.478121
25.565136
64.093611
15.740855
42.586446
58.713484
46.365977
67.436102
74.916501
18.947961
67.936991
23.235862
49.461911
49.914915
43.445903
47.567882
41.970113
22.184025
32.507840
12.442508
20.629940
68.648518
21.859692
44.880885
83.806530
23.428156
59.360517
30.744645
20.302502
64.723923
19.142764
15.672429
35.424823
17.176599
25.781332
43.026948
50.775099
63.407189
47.760086
69.410982
22.116920
33.310137
39.503157
40.299863
44.714342
73.554064
67.315591
74.969980
27.082946
70.673076
21.765687
49.275551
75.375489
45.175576
20.970812
54.702191
57.425697
24.565168
52.067109
56.734513
69.888817
60.638554
69.515069
89.944822
77.755114
49.462293
74.317922
22.061586
61.420583
72.828986
81.823720
75.479128
15.543505
86.178270
64.909326
14.392063
23.201358
72.002551
60.639152
89.314442
72.565271
37.915066
37.514579
46.576603
77.213812
81.326559
46.936766
48.286948
56.849982
30.090883
27.378001
56.557451
69.513562
43.295786
40.507375
18.546979
21.386964
59.955837
66.438696
57.836705
25.938028
52.690039
45.968951
35.355063
35.442206
74.578240
59.928890
13.399565
59.695694
59.595166
39.305579
63.275713
84.604190
69.594085
29.763991
44.695394
66.594054
28.576811
48.362419
15.381938
29.377819
46.624830
71.095870
18.749161
66.719746
80.994632
56.486472
16.717867
67.501898
92.133548
13.742741
52.967906
34.214373
92.899800
45.476590
16.381417
48.241916
64.161117
73.030641
50.129350
61.254605
95.775711
25.394328
58.831739
48.805529
90.162113
37.794227
42.885064
24.674736
54.585392
44.066601
45.005735
33.973055
61.646303
42.077130
46.754082
92.899634
71.072812
55.023370
61.190187
30.869837
66.377167
44.482319
40.672663
45.047094
39.308380
66.224862
81.422212
43.480966
57.201612
54.844166
88.889831
46.485485
66.037762
39.867193
55.337753
28.580249
89.401093
80.977151
42.219621
25.331809
65.137940
65.842115
41.754586
89.628666
44.881177
52.911891
42.216631
43.733650
50.906232
85.482340
54.337872
27.958905
37.125156
23.812718
34.960300
60.872778
40.701196
46.658390
86.037974
81.411981
80.759886
64.690158
83.721249
31.230909
42.024651
40.871466
30.775839
90.101487
27.766426
47.245773
63.058731
62.824964
34.833445
86.215712
45.770409
51.790569
51.951564
49.506811
24.904535
70.300293
47.450969
63.291709
80.002130
46.127802
67.307401
20.495280
51.492126
34.126060
42.803598
57.196988
37.969464
65.104301
25.468284
75.593840
45.348831
67.302005
57.065892
71.026606
83.986910
44.836577
60.527982
81.660441
48.652101
48.345677
36.128272
80.029705
64.530221
64.018762
59.745117
40.371324
85.506735
47.893747
38.267043
79.640648
36.074761
23.548261
89.809082
8.622851
70.995203
29.916882
62.511192
81.221209
55.080593
67.039918
34.852573
19.919657
15.084570
12.931933
86.733756
25.605564
67.049805
69.411260
54.362527
45.320070
35.002637
32.481204
35.183539
24.555242
58.942383
5.089840
49.006401
64.154262
42.822901
17.442583
19.658776
52.365173
42.201972
43.567468
49.810542
71.922227
14.124489
82.327008
18.105843
39.572158
48.477410
70.843181
19.671495
61.574781
62.083638
92.051053
72.065509
18.450995
16.192657
10.831979
50.905999
50.816378
37.157638
64.338515
40.025635
32.311706
48.572672
35.986854
88.152331
30.738563
26.578997
31.978382
67.205840
62.911987
62.447838
49.401696
56.498173
28.384325
33.361459
48.919291
46.633514
61.890139
34.385885
63.450352
95.438627
72.774184
66.978530
70.662131
55.181943
67.582867
57.318084
80.983618
67.202637
57.472068
52.090783
23.951190
37.622357
43.930482
33.718322
44.546457
51.569749
51.174573
22.073208
2.732647
55.410821
44.884931
37.300077
76.545162
35.236490
55.066809
40.408589
86.051569
64.859328
50.039187
37.362884
27.734598
61.906285
57.480910
50.745873
61.234642
30.529071
68.885598
81.988121
22.331861
29.447990
54.551884
56.416669
47.887523
70.585504
69.853647
42.512354
46.881020
76.497415
38.398131
64.575487
33.399981
55.752347
12.933705
47.716337
54.965079
62.664237
47.020905
50.120416
40.356903
42.835138
28.654307
57.798795
39.766130
29.897257
61.539496
27.797034
39.577302
47.225055
71.289848
87.776573
72.105719
35.771889
69.521716
14.035052
56.598224
20.089168
42.217682
10.787858
62.184171
10.148073
35.157858
68.663144
71.494487
27.246166
60.829591
69.039262
15.463549
52.061933
40.703456
44.863882
22.967175
32.554210
42.841012
47.168668
84.027182
28.748851
45.261847
43.920198
63.300193
59.540669
36.189103
57.065093
83.391082
36.637915
25.224011
21.396216
46.454847
63.376043
47.292493
44.321042
67.861452
50.504713
70.481886
29.879632
15.591273
57.911861
68.000232
53.433027
74.103980
75.485851
21.572738
47.519177
50.832492
57.323442
21.439931
79.444659
24.714374
52.424680
24.374282
28.978339
21.724613
41.745930
51.867154
41.116159
35.249898
75.299124
63.484076
74.850220
33.713520
62.441553
33.818146
44.454833
71.835583
53.728780
29.183826
36.175418
69.597319
40.633285
23.100305
47.435605
48.351453
15.172838
45.553028
76.152097
22.196720
34.419999
80.479861
64.547384
25.754345
48.525308
50.983284
55.846609
62.622075
42.045074
28.229337
44.072581
62.215408
88.416318
49.268477
37.034984
53.162064
77.480061
50.329815
35.957369
60.303610
81.022330
69.183402
81.867495
83.348833
67.527856
63.393248
38.158959
20.845856
33.377090
41.143691
41.579528
41.867058
27.947680
61.087034
68.281033
48.387725
32.677537
36.172303
49.376603
38.457601
81.099304
28.504895
27.459505
45.833540
69.465082
31.248670
81.282986
80.104199
15.312601
73.135713
62.581877
32.896997
39.094563
59.804445
38.590434
55.375625
50.112896
38.948002
33.231270
38.408994
71.758773
63.740962
42.773391
62.272423
35.036394
41.679626
56.931572
92.877682
93.645922
34.497301
50.944174
51.926095
73.753445
28.629469
75.655639
59.681067
36.696126
50.456170
67.267191
37.555509
48.136728
49.921854
53.811757
51.094433
45.481663
29.694035
25.464659
47.482907
72.494227
56.202819
43.150838
95.564278
39.305915
59.316481
58.749040
58.876689
26.107124
11.954066
51.598078
77.376560
48.640234
43.505580
88.690723
73.322997
67.100862
59.334816
95.409702
40.098662
50.919541
41.288721
46.287132
66.554347
58.963951
52.313137
41.556914
57.641772
36.760290
64.302040
42.135838
86.635962
67.150853
69.488399
50.869871
47.276170
9.002204
61.457992
38.730300
27.683592
56.520754
58.256281
9.686426
38.274814
17.045404
21.897728
40.201890
18.417941
54.504468
69.913296
47.493401
57.163751
55.754356
61.784940
46.634083
42.178907
69.465262
51.232504
66.333240
25.598402
42.084171
42.559884
56.029819
39.638804
48.884165
15.908625
76.741564
52.873169
41.694117
76.980576
54.126642
41.483036
69.594669
52.743590
82.222857
69.306552
25.838121
56.593090
22.844261
42.402226
55.783991
18.105992
81.383225
65.021476
35.637271
61.405541
61.161533
13.355817
45.604116
66.684110
44.441399
52.134002
47.857097
52.147460
54.958983
42.429784
2.860535
43.268530
31.514936
57.321101
50.292057
6.916120
21.615218
42.209791
36.371342
45.046307
44.884561
51.092260
55.907400
63.443016
47.789405
71.609358
66.408575
34.893700
73.167893
65.075719
10.941442
34.913539
42.263774
49.775993
36.017230
59.447858
42.002609
73.643449
13.779838
58.776391
42.959264
62.219182
45.263637
57.291350
39.327681
41.891480
44.358907
82.825782
3.928349
65.257799
27.424075
20.847369
35.245774
17.336692
81.577282
60.594854
6.498832
33.904384
69.926917
20.193998
63.562803
59.523720
88.890498
94.544392
74.951276
32.764424
84.507846
21.802034
48.102611
18.779230
65.251808
54.216438
2.188119
73.513109
79.316556
81.369634
55.792585
50.801069
83.242855
37.501929
55.147650
60.569481
23.878146
59.409113
71.510241
51.660650
57.562426
58.512690
43.997910
31.865581
25.732905
66.193825
54.128568
26.208573
62.340353
45.565555
33.976853
57.143497
38.506553
